<?xml version="1.0"?>
<opencv_storage>
<intrinsic_matrix type_id="opencv-matrix">
  <rows>3</rows>
  <cols>3</cols>
  <dt>d</dt>
  <data>
    778.8774939691759300 0. 302.4299516901114100 0. 781.3772446113973700
    188.8451049798669600 0. 0. 1.</data></intrinsic_matrix>
<distortion type_id="opencv-matrix">
  <rows>4</rows>
  <cols>1</cols>
  <dt>d</dt>
  <data>
    -0.1502646098001350 1.8350635032345526 -0.0152284331512171
    3.8125550992790095e-005</data></distortion>
<width>640</width>
<height>480</height>
</opencv_storage>
